0201020000.15
0301010323.22
0302020323.37
0402060106.55
0601040345.16
0602040345.00
0604030108.05
0605110132.15
0704120010.56
0705070251.16
0804080106.19
0806050111.19
0901010329.12
0902020329.28
0903010005.50
1003080018.35
1005040107.55
1006120024.20
1009080024.26
1105040231.51
1106120059.37
1107170019.24
1110010123.56
1202050152.32
1207170011.29
1210070131.51
1211070007.55
1301020333.44
1302010333.59
1303020010.22
1309020004.31
1402060113.29
1404010006.35
1406030101.31
1407120017.30
1408080112.54
1505040231.36
1506110059.21
1507160019.40
1510020123.41
1511020000.15
1512030008.10
